0.18275912144016232,0.39059462252239263,0.5584059936687774,0.8430483723563009
0.17975385746616526,0.3810212320482564,0.5616138099970827,0.8547534354096125
0.1684528992393175,0.36832494689984974,0.5490363927289851,0.8418399796764722
0.11575060561935076,0.3153799428939144,0.4861209030147375,0.786167803716896
0.13806328955752578,0.3364220743830208,0.5064872685581366,0.8046636400452635
0.18815134133477887,0.39146997350354573,0.560123316547725,0.8621798016025028
0.1983121376520377,0.4018778710718747,0.5714482289149039,0.8755574376014651
0.19844039928898738,0.4123448309751318,0.5831067915361954,0.889458630386956
0.18986314466454024,0.40116406245214203,0.5877812399080395,0.8840002331631929
0.20081693281508534,0.4053133240799625,0.5906058407152568,0.8887588555078884
0.18905657458500308,0.4012692745074871,0.5913509743913397,0.8940037608804982
0.18868349867046755,0.4054120838685018,0.5956788730896868,0.9057029793654285
0.18457570341760424,0.3939858092568654,0.5723803804681824,0.8824979066775855
0.17753983031228512,0.3594300801521757,0.5249800702598142,0.7864107908097735
0.17491042577761445,0.35647056812973027,0.5132093442973149,0.777550723747948
0.17124366300441063,0.3176843580194298,0.4375892818104083,0.6847060632560266
0.16386679972436882,0.31444636858465963,0.4402007261351082,0.6738122356969976
0.16773643618795117,0.2800428918654793,0.38474925835619095,0.591005861395201
0.1627572965916978,0.23369426052349873,0.3358418730939673,0.5167869234145964
0.15111741744359256,0.20229888777704133,0.29178954171867266,0.4833779105370887
0.13794652580057257,0.1923836357467789,0.25966634321172116,0.44884652582037143
0.13402594865666792,0.16983869383544192,0.24231052649152654,0.43446016232699447
0.1309016222547315,0.15537854823469593,0.229861089962097,0.42648876283538273
0.13159233302728113,0.16681071879043413,0.24974663574981762,0.4455657640771388
0.1351447395460977,0.18055237215987763,0.2653884704534413,0.46604902438851137
0.1379440508977802,0.18960910454940516,0.27484795706788967,0.47741195813440923
0.14007298897597104,0.2193945176428847,0.32340901933258864,0.5438107868071612
0.15016531361202215,0.2631078163662409,0.37307254147285673,0.5968748794626347
0.16049301809988312,0.3082906179253819,0.4185902860158085,0.6643929729471402
0.1662713453993346,0.33461812121483353,0.47746272663648076,0.722983633097591
0.17122438360046716,0.3684612135167412,0.517436223240438,0.80547555334636
0.17456342591998622,0.37036121087616436,0.5280167496936061,0.8078922700935257
0.1954264380365926,0.4066760268810819,0.5696736411136861,0.8708834136603452
0.1976924694246567,0.4165741116878234,0.6014016472575336,0.8979745348919019
0.19198204937327515,0.4123092780516409,0.612876308544245,0.8992447209277925
0.18787533702987314,0.39981848287084576,0.6037288667670264,0.9087071598407224
0.1868829356806523,0.3968535937220907,0.6131262604396096,0.8936851633117544
0.18714101974314196,0.3901865073197498,0.6146572965120389,0.880432096292929
0.18551752455633114,0.3875386327734964,0.609662693568996,0.8986200866324918
0.19451225316359816,0.3985360046071341,0.6104536114973845,0.8407076317154506
0.20894599800737632,0.4200579896644107,0.6230075006117223,0.8514613636993805
0.22429647437744846,0.4384400767317743,0.6392057386333528,0.8849450181819063
0.23096632746800508,0.4511613153016996,0.6493902261246821,0.8990069456521597
0.23344673751124695,0.4698054775315788,0.6639193261313192,0.9399858832017074
0.22565368467694327,0.4720034822823362,0.6650120802176089,0.8918157268013108
0.2249439567529055,0.4705833063044932,0.6616761682097646,0.852456832752896
0.22705793885010409,0.4713005193261251,0.6610318931046052,0.8653174286014653
0.23405632496593884,0.4473706461424193,0.6163925180030277,0.8741525161623815
0.2344898630461482,0.44036811087557826,0.5988097412618704,0.8726525410608753
0.23100477476077405,0.38948558795382815,0.5286319969951505,0.8275443644145762
0.23568291185026966,0.34120806951180227,0.44629453371784134,0.7341194171186668
0.23116331956364966,0.2995909575644696,0.3984293506898862,0.6480522725699878
0.23052924896947985,0.30224633642827864,0.38594212179785653,0.6462659269444073
0.21088882568856118,0.27093391726109883,0.34686145588941725,0.5964458635235634
0.2070258202006471,0.26518655203053965,0.32375886498706696,0.5710405406248797
0.18948234258072616,0.2347666125016958,0.27600079246557496,0.5153138940658781
0.1916800661863932,0.22427338534618638,0.244033665944403,0.5017768248102698
0.19454774038149897,0.2112821857201132,0.22590110400335586,0.49623762695115176
0.1974886178775729,0.22536788382801182,0.2581840602202093,0.5280790012782144
0.19949167886645977,0.2313919679371887,0.2684845368348912,0.5334129966045561
0.19550391257477034,0.27634654870404607,0.3063356109268972,0.5633513894239597
0.20723978242427918,0.30969473548161464,0.35274753782566093,0.6316303598384263
0.239352403881271,0.3433720505169745,0.4046608442613578,0.7031001293804677
0.25413005535663746,0.3455024143022318,0.41547252906920984,0.7042681795805277
0.24752934012375613,0.37670945828611524,0.4602043693415207,0.7640189921440845
0.2415426187302257,0.41925883130266545,0.5347365302066633,0.8340175739427014
0.24659219919634823,0.4602513130838687,0.5973881058006698,0.9333510757508658
0.24626036890272193,0.4630555783511898,0.5969578687814782,0.9165497949624064
0.2307401624095603,0.46416079187202086,0.6232196337523184,0.9454097018056293
0.21687529727561733,0.46059032031615876,0.6247933259066889,0.9488334653343387
0.24988254658350564,0.4924299560652884,0.6635942910619025,0.9795322453390525
0.25582473017567037,0.4947234346778448,0.6769298550942561,0.9591186874586618
0.2497542870762595,0.49499133771679144,0.6645447580773182,0.9349886165738441
0.25742252383042186,0.4930640952594786,0.6714967802265497,0.9182209556429449
0.23375305519677964,0.47665598535103765,0.6335381488968503,0.9217862388675856
0.22005269531441998,0.42968360700856933,0.5880272231409434,0.8886221273737428
0.2225378619749226,0.425164135583975,0.5762845734946093,0.8941406165200069
0.2353606374534122,0.38889631597613816,0.5042539647405418,0.8171709057297621
0.2352423561885633,0.3352018105386503,0.431878769744325,0.7118520259096998
0.22683745329129426,0.34150360213048764,0.43188690836117904,0.7003015701232614
0.22703931930687557,0.3108644388593641,0.38143650162176124,0.6460271166823336
0.20743594066614676,0.2702988792579238,0.31713939218015785,0.5928524571363134
0.20016794161512483,0.23802266842238556,0.2852233289341915,0.5566729297861975
0.19367284719014038,0.22791336720734917,0.2671895818686919,0.5429076953718893
0.19982295200596029,0.25113983158250186,0.299282362885061,0.5688733668397484
0.2132928722524981,0.29340774224329047,0.35737885720298823,0.6426938258635162
0.22746452072423365,0.3594337571005903,0.43615778904593555,0.7522245960571754
0.23979822686472713,0.3676873272129953,0.4600378646166259,0.7556358855267592
0.23542950635041368,0.4172387843036718,0.5274813515546257,0.8491348412394808
0.2318535991503788,0.4589004938751624,0.6038664567622932,0.9229590924841096
0.23798054648468958,0.46672537781306433,0.6190595411561176,0.9203441371980003
0.23537364531872715,0.4853026750115975,0.6573199670613141,0.9600325840551364
0.23288197635030225,0.4815574246205291,0.68039777486,0.9577625267397022
0.24824283961623592,0.4879720619073752,0.6798439509694664,0.9224433964288171
0.2477083555073212,0.48407130773263746,0.673216232602822,0.9041366597868549
0.24464951559706005,0.47996910348438865,0.6649554930164955,0.8867944632202189
0.2475177025442241,0.48690065631906393,0.6647470726701559,0.8711422275164548
0.2535561380818102,0.49078195683627496,0.6629106747287316,0.905171118046737
0.2533684998223586,0.49095398073569424,0.6610134045155284,0.9151816188412703
0.23096892210301387,0.4902378377468658,0.6594139522907522,0.9194726538091298
0.22042454701390526,0.42354184416674445,0.5950278448025441,0.8911769279825257
0.21855609824384556,0.42361049153565505,0.5924361708857885,0.8801337969667133
0.22678706522644987,0.3651991449241285,0.4968732302545904,0.8048186205410219
0.22945439790039582,0.3756064322120427,0.4966930453050561,0.792583910044749
0.2305969949549315,0.32684151236452785,0.40960038267637683,0.7221444918772151
0.2270811661882419,0.2819668756048473,0.3633387975864124,0.6394092911334452
0.2059728603759427,0.2530551985238087,0.3062453565595232,0.5689231848362122
0.18859797697530478,0.23653990088672727,0.27397010387362614,0.5542532383281895
0.19171956742843815,0.2246229554659123,0.2624211967609501,0.5306285800210684
0.19013850689202474,0.23113980357082833,0.2658522489676379,0.5409031055896611
0.18399060674819656,0.24652874339905448,0.28743205446974146,0.5630654471774292
0.2108849633694301,0.31144250886091746,0.35914552552903894,0.6451700959175358
0.22577762748225602,0.37165954171340115,0.4175832078851778,0.7427359165467359
0.22471320282053472,0.3665254498833296,0.4323105452282689,0.7642799772089908
0.22286542775627433,0.42848226752262175,0.5284282980885896,0.8451363874787344
0.23113624035761937,0.44008061359521555,0.5426719546011101,0.8517057073434378
0.22460477705832865,0.4694536924501325,0.6404242422154607,0.9252864359250799
0.23862936479228036,0.4914226880000842,0.668541992878257,0.9387206957829425
0.2331454400273434,0.47416869560284514,0.6632619837773711,0.8424984237026384
0.22923575682124547,0.4728613844016956,0.6510753400258198,0.8542179245091838
0.6721346430461876,1.3991767196885474,1.9346816598662049,2.4947021892006798
0.7021486214533977,1.4467755056020215,2.0062880468518203,2.5515836093298443
0.7153641690897531,1.4589813301251566,1.988893531518638,2.5849797695508165
0.7094212600439685,1.4572986855917303,1.9625084710582668,2.680718406123232
0.7081574895441832,1.4538463141228184,1.965169864198148,2.7018844385447722
0.7076099356833941,1.453052773727474,2.0131039559582047,2.727177657850295
